-24
33
-17
18
0000000000000000000000000000000000000000000000000000000000
1111111111111111111111111111111111111111111111111111111110
1111111111111111111111111111111111111111111111111111111110
1000000000000000000000000000000000000000000000000000000010
1000000000000000000000000000000000000000000000000000000010
1000001111111111111111111111001111111111111111111111000010
1000001000000000000000000000000000000000000000000001000010
1000001000000000000000000000000000000000000000000001000010
1000001000000000000000000000000000000000000000000001000010
1000001000000000000000000000000000000000000000000001000010
1000001000000000000000000000000000000000000000000001000010
1000001000000000000000000000000000000000000000000001000010
1000001000000000000000000000000000000000000000000001000010
1000001000000000000000000000000000000000000000000001000010
1000001000000000000000000000000000000000000000000001000010
1000001000000000000000000000000000000000000000000001000010
1000001000000000000000000000000000000000000000000001000010
1000001000000000000000000000000000000000000000000001000010
1000001000000000000000000000000000000000000000000001000010
1000001000000000000000000000000000000000000000000001000010
1000001000000000000000000000000000000000000000000001000010
1000001000000000000000000000000000000000000000000001000010
1000001000000000000000000000000000000000000000000001000010
1000001000000000000000000000000000000000000000000001000010
1000001000000000000000000000000000000000000000000001000010
1000001000000000000000000000000000000000000000000001000010
1000001000000000000000000000000000000000000000000001000010
1000001000000000000000000000000000000000000000000001000010
1000001000000000000000000000000000000000000000000001000010
1000001000000000000000000000000000000000000000000001000010
1000001000000000000000000000000000000000000000000001000010
1000001000000000000000000000000000000000000000000001000010
1000001111111111111111111111111111111111111111111111000010
1000000000000000000000000000000000000000000000000000000010
1000000000000000000000000000000000000000000000000000000010
1111111111111111111111111111111111111111111111111111111110
